1.219249649047851562e+02
1.450789213180541992e+00
8.817794189453125000e+02
6.475929565429687500e+02
2.807581500000000000e+06
2.368526250000000000e+06
4.655887222290039062e+01
3.566007995605468750e+01
4.996090393066406250e+02
5.702702999114990234e-01
1.381459503173828125e+02
2.059114217758178711e+00
6.594594717025756836e-01
5.176105500000000000e+06
1.113208886718750000e+04
4.233197784423828125e+01
3.288669967651367188e+01
2.519290542602539062e+01
1.976177600000000000e+07
1.961941200000000000e+07

