4.162107467651367188e+01
6.003161668777465820e-01
5.706725463867187500e+02
6.850207519531250000e+02
3.019018000000000000e+06
3.554621250000000000e+06
1.444510173797607422e+01
2.194091033935546875e+01
1.577807159423828125e+02
1.737736016511917114e-01
8.209424591064453125e+01
1.089520826935768127e-01
4.738915264606475830e-01
6.388201000000000000e+06
1.007644433593750000e+04
3.047289848327636719e+01
1.007342243194580078e+01
1.560389614105224609e+01
2.812559800000000000e+07
3.405721200000000000e+07
